,Unnamed: 1,CO00COKY,CO00DRBE,CO00FERA,CO00KUNI,CO00URMA,CO01TUNG,CO03CHBA,CO03CHBU,CO03COPM,CO04BAFI,CO04KIVA,CO04LIFI,CO04LIRA,CO04MGNG,CO04PFCH,CO04PFRE,CO04ZIMG,CO05ASGU,CO05BAFI,CO05KUBE,CO06DATZ,CO06LIFI,CO06MOPE,CO06MOTO,CO06QUNG,CO07CAFR,CO08ABSU,CO08GOBE,CO08HEVE,CO08KIPR,CO09NAKY,CO09NUTB,CO10HEIG,CO11NUPM,CO12GOVA,CO13CABL,CO13CAHN,CO13COTB,CO13DESC01A,CO13HENG,CO14CABT,CO14CATI,CO14OSPA,CO14WUCL,CO14ZIHO,CO14ZIMG,CO15ABSP,CO17LITW01A,CO17MUMA,CO17RAPA,CO17WUBO1A,CO18DATO01A,CO18HECO01A,CO18HECO01B,CO18RELC01A,CO92SHPU,CO93COTW,CO94DUUR,CO94HEAQ,CO94LISE,CO95TUNG,CO96QUVA,CO96SWBB,CO96SWFB,CO97CHSY,CO98BOFP,CO98CHPI,CO98EVXM,CO98QUNC,CO98SWPR,CO99DRGB,CO99GUMI,CO99KUHO,CO99LICL,CO99SWFB
Unnamed: 1,1.0,0.22624947315690103,0.07714992958927233,0.005359480189750601,0.015600398007834044,0.0004561152200958938,0.05791155705603915,-0.0027414285009057645,0.0023618668423535318,0.05441119657842412,-0.01916989715036539,0.030263785087676427,-0.5343812335241251,0.07452212200169334,0.16424956931460682,0.028826058840838796,0.02103597618548438,0.038896993209535345,-0.011160787300726109,-0.09325596031591422,-0.06652615524645208,0.08157672820400874,-0.5441989305583588,0.003683119055159091,0.12655620296364292,0.09940366241473894,0.09913828084465093,0.061924239651620146,0.2270216589769326,-0.022940142171914903,0.22601152686666906,0.1034058983935458,-0.006936848919035141,0.010774300453615446,0.05305519091348697,0.3147431398071775,-0.01847230527494985,-0.010032510963629655,0.010209807178877576,0.22336839017711413,-0.030463535613848798,0.0222741955269578,0.007774904723771089,-0.03705262316251723,0.025106546583079717,0.21300412863716284,0.19607389103556203,0.03502367542643532,-0.037712271661337914,0.007724482739589466,0.006148102821613211,-0.0031448043543698717,-0.007594717861233686,0.018393812220138053,-0.018764110000249693,0.026089761133650986,0.023651037163438908,0.06644136482502255,0.20180367155378698,0.20314803171704846,-0.04621242552021849,0.025050680959326357,0.20611004749616377,0.21391484559189253,0.20660219188399997,0.13248360542464613,-0.5119730834074261,-0.02330550622618065,0.009010199016510526,0.030495640351722027,0.12922985497133266,0.13653119624182572,0.04437531328159591,-0.023664784369665803,0.057272069643045376,0.18007703536995343
CO00COKY,0.22624947315690103,1.0,0.38210936580503263,0.24036054212737612,0.2722650674595684,0.31005108280330573,0.3636102345655973,0.4200500553967395,0.36108250134704684,0.00098497245611608,-0.02258696545848141,0.028717960511705512,-0.08505196500042594,0.2369818608192199,0.7332493049630643,-0.10302583253733977,0.32475885755548184,-0.27202743816285163,0.026798359019944235,-0.3657778430375585,0.016686542495988468,0.023741373801034183,-0.08663344160473718,-0.017607808740853943,0.6169448500475718,0.03836055359240973,0.4241784590810862,0.03351398584405381,0.9848785371722341,-0.030258153073667866,0.9588446680084791,0.012909911949430043,0.03661669591812514,-0.01101217069561107,0.0011135953349199537,0.11614537299467292,-0.027670095678127393,0.056295618727991555,0.004316821340099648,0.9428908494939527,0.023135625726634995,0.07803244599340148,-0.010338104418265982,0.33323157912255746,0.08138519256020257,0.951268326041917,0.8511559810397297,-0.01623677042522203,0.08463783890087073,-0.16694188923498945,-0.04097013129292863,0.11992690215955529,0.04690695554804998,0.05835783579153799,-0.03757359071925547,-0.026008337450477818,0.23193078805202,0.3408918694323688,0.9297092101070541,0.9872225336655897,0.18005526625358617,0.2716658263702464,0.9380212173975977,0.9644345893814775,0.9522836388010935,0.09507295298407817,-0.08250571869523733,0.22627830125081044,0.013659991435686835,0.4340304135899961,0.5928898997689785,-0.07835533047561782,0.34015475771470827,0.3281066531535541,0.022001665895631482,0.7720259394682112
CO00DRBE,0.07714992958927233,0.38210936580503263,1.0,0.09397525371314727,0.05386509998263331,0.1140038271018818,0.08815005343105305,0.16866586484200458,0.1411584107259417,-0.05685210398286891,0.0017705820294731745,-0.07936004342328896,-0.032668620861485816,0.08802904389974593,0.06363818585064006,-0.039572417428384694,0.11775444752250475,-0.10448625427076896,0.0006343933082736525,-0.10600999858590351,0.02484275879466677,-0.06287667139629458,-0.033276069020823563,-0.10470050901781953,-0.02003497864633166,-0.004748807074836214,0.14718890849967595,0.01403141800621198,0.3783936449460407,-0.11663967660606495,0.36118338380481946,-0.05759956891050064,0.05580029673950719,-0.0655564534948329,-0.05668611897151835,0.005668788086259342,-0.05976991294602435,-0.08387651395352898,-0.053872230540084616,0.35323085969242907,-0.022798107376282798,-0.046329467436062526,-0.09933105337176121,0.07475526761752652,0.078564335484034,0.3524612243862064,0.17727566781081688,-0.06860958983759514,-0.058717673613098674,-0.06412269587528822,-0.07345282602562446,0.00551520538155913,-0.014162822512401798,-0.026527031285790436,-0.033906857496281986,-0.06960972009053001,-0.036849233590277135,0.04684516313257488,0.4067850596734031,0.3103181928868873,0.11530136769673097,-0.046526617741579346,0.4095652291490656,0.3828280427769938,0.4240105815775568,0.03425014731897308,-0.031690602832581495,-0.03126295574127355,-0.08302878618254123,0.1635706214658601,-0.01920627708156958,-0.03009643085579146,0.04984737524133336,0.12598838711690438,-0.051986286321260594,0.134610788448394
CO00FERA,0.005359480189750601,0.24036054212737612,0.09397525371314727,1.0,0.5453044605372229,-0.20086834250074406,0.2894573455526968,0.2986424035903137,0.2671320915885953,0.0667025773088373,-0.0031924686764466586,0.030879549598693146,-0.2735242713617087,0.04618374588791823,0.17741434844522402,0.2752305739653346,-0.20321807926559546,0.6803709639469501,0.17643978458551815,-0.08642247143303103,0.16625585109579127,0.053596316765112846,-0.2786102471632923,-0.02059876452795228,0.15211497397792778,0.10662256033244304,0.09962029941171105,0.1356979087066428,0.23392322346469116,-0.03939149033992907,0.2156475918266558,-0.004241448429724519,0.08635765101252982,0.04397164559904527,0.06793883431369593,-0.07706275988680714,0.026446537149835803,-0.06385449190143819,0.033484933348153244,0.2112963841516413,0.05126761972906375,-0.2908678142604022,-0.03917890418066629,0.18814075485060225,0.09131844304030942,0.20444052717477393,0.20745199633369368,-0.04030617638968741,0.001906806007147325,0.3154681638323045,-0.09416395440043412,0.3787377275662226,0.014104303941897212,0.04533441568892574,-0.14852281629720315,-0.02068970779414168,0.17622359747155553,0.26456472894196464,0.2175979342722709,0.2121077177929574,0.30402838213081235,0.21956743003571447,0.2261444631590278,0.23331542463964705,0.22982085548252507,0.21728340895085393,-0.2653356285087126,0.09976910867094645,0.05141967098497169,0.3302990594391936,0.14558083357153517,0.26461116384293093,0.27453978027870407,0.6489664225071385,0.08798539831367856,0.1886933813191674
CO00KUNI,0.015600398007834044,0.2722650674595684,0.05386509998263331,0.5453044605372229,1.0,0.10202329962872632,0.7218171003383389,0.5676311225252423,0.6311345729005788,0.3636434071314661,-0.00425083630553967,0.1988172028673551,0.23561535398901107,0.06109222674418281,0.2887190707248161,0.21448738255755698,0.1011585863012106,0.3059097673539705,0.15771973206468115,-0.06843970932405467,0.09760250864719557,0.3244471352479689,0.2226829175452363,0.15779725218679552,0.2516847631646014,0.33675253696502455,0.1132073466848468,0.26508871507499415,0.2648814321701235,0.1713250839520397,0.2467259421853462,0.32519859238824456,-0.00012871506129275172,0.29328009431961216,0.3643337791028574,0.16278686066351375,0.09643716376008021,0.14142373612115514,0.1326801518457195,0.25463148947929864,0.13784018851103727,-0.09228817053692759,0.19097796526704292,0.6302819315464006,0.2666556123960439,0.23340140169398302,0.3394142440634013,0.0749827666066075,0.2730261178964598,0.25665722574847666,0.02973596896861502,0.34540742478979053,0.11207673946879135,0.0869906151865355,-0.0910628315862805,0.3096994189834497,0.43556719035612074,0.4924838383022798,0.21945215518700759,0.3366507969106106,0.3488228496383357,0.5494465763721189,0.2441195645329432,0.25790947176019013,0.24154213625514545,0.19125930585158116,0.23630665042854385,0.19157878196469608,0.20872961061382633,0.5834942010534317,0.24238094228482004,0.1856829023768355,0.6841996853388492,0.8176036597751329,0.35667927066898764,0.30496975157465067
CO00URMA,0.0004561152200958938,0.31005108280330573,0.1140038271018818,-0.20086834250074406,0.10202329962872632,1.0,0.39036969486816736,0.7140908199804188,0.6646990510581784,0.0712930413209599,-0.008246725978628022,0.05454476622366853,0.3035162118195454,0.0591329741461479,0.2289806878616334,-0.18481843485781524,0.9849582102080587,-0.4970805057832808,0.1690073130162902,-0.11595715992821566,0.1472980707318255,0.06593649288915107,0.2890727399863966,-0.009672833719044599,0.197694464622647,0.10746805074246821,0.13326782319015998,0.13750307939857598,0.298875987072789,-0.036683981637053144,0.27902281233911563,0.01070657527263825,0.08717752233501834,0.04812793996836472,0.0723938184582431,-0.03849751476376081,-0.13443095842689243,0.08190069211797787,0.041537203013640674,0.273438303373751,0.04922913353334274,0.14815400546459648,-0.03657570951352737,0.600328936047556,0.17423776099326507,0.26472629186642366,0.2716043496518797,-0.0322770322029083,0.1817881599179831,-0.32829663548983573,-0.08835673204557058,-0.06798091737775248,-0.017402454545788405,0.17848616960771926,-0.14726485864307529,-0.010470905594132862,0.23964967365975726,0.2972852858909766,0.27618390713314683,0.27569863090375224,0.1800089243426823,0.29622151431332266,0.2862911805121595,0.2970557129097164,0.2924905547653827,0.23797714707216885,0.3011523358687667,0.17891563600313767,0.07308735897882038,0.44143829300886606,0.19399001773136973,-0.14499161825320456,0.37583955228560184,0.12094171424268443,0.11267769784289258,0.24513960705896987
CO01TUNG,0.05791155705603915,0.3636102345655973,0.08815005343105305,0.2894573455526968,0.7218171003383389,0.39036969486816736,1.0,0.6291140842201434,0.6753563874199193,0.2982883337278977,0.004990679774441081,0.170524557377956,0.35124771678052846,0.4328497125240881,0.377915741393383,0.06388087131913217,0.3867446868871214,0.04038745356795307,0.12147919279410263,-0.10069142616837835,0.09077224439060351,0.2635477969623168,0.3384119629207661,0.12386931096223665,0.32813447468747897,0.2468015473500861,0.15531632585666377,0.19327590440532647,0.35802146093297027,0.14008415337794397,0.339237075579865,0.27369511153347803,0.012797952671827269,0.23918399493861964,0.2988137201104963,0.125673981502133,0.10600790490593598,0.12986177340942234,0.11575565686002255,0.3479885203206914,0.12009148718773828,0.013426095139990143,0.1514366944484444,0.6828582032669446,0.2123326656149466,0.32221937940347595,0.438413221045296,0.052284785201817834,0.2872958141433144,0.0664344812768724,0.01629666680142739,0.22781172051688645,0.07517044610618542,0.09101584096379416,-0.0814394415108928,0.2639947654306048,0.6040077392538062,0.48549853753443195,0.30354585388016697,0.4447653445053152,0.29815852745632343,0.76194432538445,0.33252085382710656,0.35156619985833976,0.3333180542728563,0.14568919609012645,0.3589332579067051,0.30446297435712,0.16555037213744064,0.8433355451317459,0.31523167191928836,0.2657588841361932,0.9322927193792389,0.5980444915242575,0.2974197876190807,0.3955481115735965
CO03CHBA,-0.0027414285009057645,0.4200500553967395,0.16866586484200458,0.2986424035903137,0.5676311225252423,0.7140908199804188,0.6291140842201434,1.0,0.9113595887155469,0.03018253403810311,0.019411012741268052,0.05094841588515346,0.3618386230216936,0.0789991681298463,0.2836448491052492,-0.0811121504016233,0.7023575431487425,-0.07720633398946865,0.19886324064590827,-0.14603535904242423,0.3079257758602537,0.0295225397746309,0.3442693594518577,-0.07596092361385957,0.27406620422076,0.11205948428829691,0.18989433895987862,0.15568092670358968,0.40776531320174014,-0.11406292103944718,0.3795775819624978,-0.0390913877262363,0.19356184012340033,0.002603768068166473,0.031582955063400975,-0.030111989181874067,-0.12473690507584878,0.0004158631084618108,0.06441419870575676,0.37204718371683876,0.07438430476983279,-0.07952319326146484,-0.10971580777618535,0.737223271614531,0.2784059139400317,0.3662103694711247,0.34691895378119164,-0.1368272171330382,0.13530179984228904,-0.14850436121490015,-0.20962942345310032,0.13674386582097997,-0.09313522840265492,0.1708462489027668,-0.31644222896148055,-0.07184406220501063,0.3990898482884057,0.41277513635813545,0.40339251097814044,0.3758745882430855,0.45141097483616954,0.4793526009663154,0.41857556165613535,0.4304267107515319,0.42497994658418,0.2871992874081669,0.38042956194028527,0.21094287632169942,0.029039307518395965,0.751266213736883,0.2467343319026034,0.05022812324851012,0.564408540213193,0.7173388605698856,0.09433634028190084,0.29772214926054763
CO03CHBU,0.0023618668423535318,0.36108250134704684,0.1411584107259417,0.2671320915885953,0.6311345729005788,0.6646990510581784,0.6753563874199193,0.9113595887155469,1.0,0.1737634250454978,0.02503225978418141,0.11861671595287919,0.3548203083405099,0.07750002066052708,0.2858189554401846,-0.04458665573281228,0.6556986433840241,-0.06974786829344742,0.2007324318103524,-0.10970482946807662,0.2776038429667276,0.15371572445566953,0.33793560771401526,0.011414154112804347,0.2731350585252212,0.30495987225416726,0.15954073020946977,0.3636750580523133,0.35159190413412494,-0.004738342910551639,0.3250538055212988,0.11078566240702409,0.14228192991542754,0.12586248861429322,0.1749814670501656,0.05820935733202515,-0.07349419049306626,0.0722846365057015,0.10334901316333682,0.3326887156063094,0.12336209656837915,-0.03464454928333921,0.006275484711927401,0.748859090364642,0.3477391881144463,0.3131649286693401,0.34478477223765536,-0.0726121853606535,0.1887849608226733,-0.09495111221241188,-0.14031646235038628,0.1706132626762039,-0.024346659137311554,0.16499854287375781,-0.27171132443715185,0.08586922779240447,0.42325721116607773,0.4873739091821855,0.33735171445796075,0.36629006262784525,0.4258104507900904,0.5211328099859598,0.35597565207627274,0.3677985425098709,0.3559740153662125,0.265564733587332,0.382368685354335,0.22514070907772166,0.10140079052452007,0.6949600169539245,0.24512743392611022,0.048153171945870384,0.6094446622592605,0.6659807092678487,0.2164548443648264,0.29799104775842755
CO03COPM,0.05441119657842412,0.00098497245611608,-0.05685210398286891,0.0667025773088373,0.3636434071314661,0.0712930413209599,0.2982883337278977,0.03018253403810311,0.1737634250454978,1.0,-0.0244940437144242,0.44362620181826656,0.03320972174958574,0.09401821563549051,0.12647153136937214,0.2370247092372314,0.08201020739023923,0.04719505005033459,0.36190636801194015,0.029071011214414643,0.02960833202645783,0.8523721387298467,0.01948092810910756,0.4916056485388438,0.1027075978329092,0.6789419184377187,0.0007004580266251161,0.5348505291444301,0.009142222368482167,0.5183069719341893,-0.012213624649065445,0.9009080856734984,-0.13528170037317727,0.8148588693699069,0.998449109183447,0.3089303871100885,0.14646642245446845,0.34048007174439227,0.2938898787503859,-0.001976751809072706,0.260096018501167,0.146906667334873,0.5488083216006931,0.24326430863157283,0.24914540963002849,-0.021233924207780624,0.12598735530206376,0.3084906873636109,0.19257337228516294,0.2564713999958778,0.2173947859896632,0.21151227014782895,0.2518867814291723,-0.011478799397876603,-0.0786960442904728,0.8739480761371986,0.20238688293746918,0.6251102149368755,-0.03413526072196181,0.12592458696640504,0.12096062854340099,0.2554442803165037,-0.01753592116472209,-0.006699338319957475,-0.01704310992382921,0.22986182219043866,0.028637490447793467,0.17119942278852315,0.47272865590857577,0.03294400051815918,0.10036383013994317,0.006614151607802234,0.32721808099989547,0.04492110311328901,0.830637348872503,0.1325126210190402
CO04BAFI,-0.01916989715036539,-0.02258696545848141,0.0017705820294731745,-0.0031924686764466586,-0.00425083630553967,-0.008246725978628022,0.004990679774441081,0.019411012741268052,0.02503225978418141,-0.0244940437144242,1.0,0.0004528295808493395,0.004642075013038084,0.014060928192457344,-0.039886749148286604,0.00562307576217254,-0.0018606235134045795,0.014847061717506521,0.005139832541342408,0.43714261010011823,0.031510252211252594,-0.018994157205984467,0.004728390867451829,-0.01771198557153847,0.005267070888518589,0.007991994141156464,-0.0628426312892916,0.01165090068419743,-0.06579957659218044,-0.013783077341219162,-0.047253986190613016,-0.011505309110160336,0.0025349094520921967,-0.018572484529780168,-0.02455570465468311,0.030201019106080657,-0.05769132868058027,-0.02469058153783989,0.0067268264391988596,-0.0525430787410993,0.0038226816806338874,-0.0482462089015731,-0.011297044168378225,-0.021368576951447175,0.03505420153299161,-0.04269415560055882,-0.031990768171592035,-0.03942275214080067,-0.06309839526959643,0.009111568117717742,-0.0413113323928047,0.014973921124149074,-0.019061618119352926,0.0017673537721828942,-0.022322585654315913,-0.007871091817254266,-0.00508314803880166,-0.0008825220249490608,-0.016292368278196464,0.009861615026312992,0.045446835526559856,0.012604264089108549,0.02705709724560484,-0.005678553306673163,-0.0038495993118305887,0.022043539945044332,0.0045031027229765225,-0.004672171622377144,-0.003977469197983195,0.010399935814713069,-0.031126806029981517,0.004276577522193703,-0.024149446901106816,0.005625393395295937,0.0051656147345022635,-0.03559253750868383
CO04KIVA,0.030263785087676427,0.028717960511705512,-0.07936004342328896,0.030879549598693146,0.1988172028673551,0.05454476622366853,0.170524557377956,0.05094841588515346,0.11861671595287919,0.44362620181826656,0.0004528295808493395,1.0,0.017688951289912696,0.08091810843173344,0.13768661228655107,0.3101094163336732,0.057427588953771314,0.04186288805071744,0.1850287518036488,-0.0042537311819250455,-0.00810349639320566,0.5350177355777742,0.008626987805787394,0.734828562995916,0.20500176898065442,0.32507324099813406,0.02373243483294245,0.26023712013680633,0.02422613688784635,0.623737146607781,0.014080565381585674,0.4257264320667698,-0.2212786129587864,0.4470743625972785,0.4441795282285517,0.31081902658738375,0.31157356488316396,0.49806999950569514,0.4621066092775717,0.024741556855058168,0.12575944457032343,0.24126815353551503,0.588730540168288,0.16188978623630115,-0.13299614271667567,0.016830460795797336,0.11146271815630854,0.41456457087987336,0.30674130032478164,0.3954829607340425,0.3806421702231665,0.10415392601084433,0.15231090591484042,-0.03198404269472238,-0.10034650150958356,0.4264028741601698,0.3328326698262118,0.39346950617191445,-0.013242860229079393,0.09484176205912881,0.05545107266338274,0.36406871411698893,0.004667414787922859,0.031997360146195426,0.018164776056808978,0.22317473074794364,0.02476460004425517,0.28295700268853324,0.727161061314574,0.056462211930370806,0.1803033832106548,0.014711879601735827,0.19943856380223768,0.057398179790005034,0.5331368811834065,0.10726676627252614
CO04LIFI,-0.5343812335241251,-0.08505196500042594,-0.032668620861485816,-0.2735242713617087,0.23561535398901107,0.3035162118195454,0.35124771678052846,0.3618386230216936,0.3548203083405099,0.03320972174958574,0.004642075013038084,0.017688951289912696,1.0,0.20488117242532228,-0.06446528948575606,-0.10375013814213273,0.29491582686516277,-0.2739398808315028,0.07790834278987055,0.032197868653128736,0.08216959873557449,0.0018145394073047956,0.9804444883031442,0.005342979580612217,-0.05252728888734922,0.028183955655910028,-0.03616375994639539,0.051381965855483804,-0.08623469516467533,-0.003284162132212069,-0.08788999390636452,-0.01608954880128416,0.01777680342051611,0.03236344081580249,0.03379910856659833,-0.14422794766472513,-0.01956104339586695,0.026352271038404835,0.016300412896999097,-0.08740903802361301,0.009135174341992514,0.10095394096430735,-0.009413197754221126,0.3638196440621281,0.08838461286873922,-0.08543976856501778,-0.07242316300120587,-0.0026166268280476005,0.15394654103267802,-0.16811554581285526,-0.014381373847354582,-0.10425739537559614,-0.08111871625401093,0.04017397297735579,-0.03960565170917125,0.013469773001017364,0.20336175647338672,0.018941233584725475,-0.0768200171451625,-0.07336007976723934,0.16123696248927474,0.261374811232709,-0.0801598658387272,-0.0822911131207865,-0.08120264438560847,-0.004532549208602225,0.9686062006542259,0.10939376748727675,0.02464667849797075,0.42133797021263986,-0.05035461641975769,-0.07890619430880863,0.3383455657750649,0.28379130644847617,0.02707005349343596,-0.06735333864735064
CO04LIRA,0.07452212200169334,0.2369818608192199,0.08802904389974593,0.04618374588791823,0.06109222674418281,0.0591329741461479,0.4328497125240881,0.0789991681298463,0.07750002066052708,0.09401821563549051,0.014060928192457344,0.08091810843173344,0.20488117242532228,1.0,0.17848434555680573,0.0405021189431847,0.06940825418135103,0.07241149541032994,0.224675749937481,-0.07218809512549464,0.16076415681564463,0.08843416646472739,0.1881860650964192,-0.022178328003618467,0.14880374586465947,0.16104387012083488,0.09751759548337567,0.19442578010415756,0.23234291046059935,-0.054403191941475706,0.21007335990566384,0.014616833491004231,0.09928484880195934,0.058512469449030276,0.09587828727778594,-0.0017354509086992761,0.02439181787009254,-0.13879753500783398,0.046248060870232706,0.20515356433201015,0.0035659997049868426,-0.05580706473418033,-0.04565436633304192,-0.016211106092351157,0.05878580250015363,0.1981755258129701,0.20492169257129156,-0.02763609466705183,-0.06439175673378593,-0.03280736602674345,-0.10373017364329348,0.01963207541760025,-0.1568420638924425,-0.11266814300050514,-0.19932050180931,-0.026412258684138042,0.25738376592473705,0.07117899398424606,0.21174409643268924,0.2085393652599112,0.15844952221324674,0.3215575110114493,0.22167273244116992,0.22833147119191552,0.22515064011661165,0.27366082178051826,0.1975567521431864,0.2062180679223347,0.06743009468469531,0.5067574897677759,0.1453916621194163,0.22291536348303975,0.41227649229946156,0.06284728447431945,0.10666739113009507,0.19134332648325678
CO04MGNG,0.16424956931460682,0.7332493049630643,0.06363818585064006,0.17741434844522402,0.2887190707248161,0.2289806878616334,0.377915741393383,0.2836448491052492,0.2858189554401846,0.12647153136937214,-0.039886749148286604,0.13768661228655107,-0.06446528948575606,0.17848434555680573,1.0,-0.07809029614764339,0.2483994442905036,-0.20627142529176662,0.03785079695507387,-0.2808715997878144,-0.03533278970336723,0.17278086642202162,-0.06566408608040235,0.1271954670140677,0.806063615136258,0.10731406145043185,0.30901150508079483,0.07652034075414092,0.7541345714923057,0.13893666089286594,0.7391231115478524,0.1447277232321883,-0.04669057770791667,0.12499411166242207,0.1263860833611414,0.1442300616784128,0.04796494389734626,0.19416501947951426,0.07033571052759764,0.7586070395632417,0.09413735833966481,0.18670560708663594,0.170453493569455,0.36537316006558296,-0.009608594577563528,0.7466280701766894,0.9212884388717152,0.09210167656498401,0.2124275127444925,-0.12655053984357043,0.07011651326267053,0.20267702937222112,0.11374485525846646,0.05675015105282024,0.01890483861440914,0.11001678458974465,0.3348345485837576,0.44038309523252794,0.6115532343481368,0.8484961939428869,0.1035149132677599,0.39965245916524583,0.6253107132856871,0.6886016534312668,0.6234696668090595,0.053396079073036465,-0.06253518758522585,0.3218483775395113,0.12099808635516043,0.31540015999155535,0.7734763776686427,-0.059389149377160534,0.40923695341825467,0.23409768790458851,0.1369026231515688,0.9088508558043029
CO04PFCH,0.028826058840838796,-0.10302583253733977,-0.039572417428384694,0.2752305739653346,0.21448738255755698,-0.18481843485781524,0.06388087131913217,-0.0811121504016233,-0.04458665573281228,0.2370247092372314,0.00562307576217254,0.3101094163336732,-0.10375013814213273,0.0405021189431847,-0.07809029614764339,1.0,-0.18740768272791225,0.3712567378201021,0.10739415312956968,0.03900218206481185,-0.21981711420969727,0.2672851794789024,-0.10567929305542452,0.38235733679253125,-0.06362777942310224,0.159258693906116,-0.04380617750735188,0.13991889861247161,-0.10445850678347035,0.3114105991361296,-0.10646476218444939,0.2200770870590825,-0.42161735828878716,0.19417930703886166,0.23718822436136708,0.13291622973908176,0.3430537121444758,0.17914720636323406,0.2919227096595657,-0.10588102125125051,-0.15592738388404295,-0.14713472805978686,0.29744708676731607,0.014607785265191936,-0.3358869201375547,-0.10350791380033404,-0.08772821019654606,0.5754762433987355,0.28347565272258013,0.6163718434819562,0.5471544133492926,-0.12629262887682816,0.10495314447056442,-0.0683321248990126,0.07600592216097898,0.2194942680060664,0.1245027765032923,0.06612237287396483,-0.09306431023253091,-0.08889928356883167,-0.10067412145691086,0.148497125888578,-0.09709989550594184,-0.09968153516090067,-0.09836304242963848,0.09599260217643477,-0.10064411459634175,0.07811996994221884,0.42884762821031425,0.004064756555887779,-0.06099596027814189,0.039959654865848133,0.10282624188618095,0.12553124497268606,0.2305958145173015,-0.08158698965130558
CO04PFRE,0.02103597618548438,0.32475885755548184,0.11775444752250475,-0.20321807926559546,0.1011585863012106,0.9849582102080587,0.3867446868871214,0.7023575431487425,0.6556986433840241,0.08201020739023923,-0.0018606235134045795,0.057427588953771314,0.29491582686516277,0.06940825418135103,0.2483994442905036,-0.18740768272791225,1.0,-0.5075531377666997,0.16841132049945748,-0.11328639278397759,0.12513055270923673,0.07844762218712731,0.28050968618297817,0.005290216055217926,0.21413207986444688,0.12041516991700668,0.14041248754327093,0.14454686626170735,0.318021487861631,-0.022060403585388196,0.29785753920939495,0.025474530698370464,0.07877038070471194,0.058102164844611996,0.08313104252814343,-0.006110273961421562,-0.1314819086184949,0.0978237318591234,0.05236299505102907,0.29351458589227264,0.05224688296924405,0.16947280314443358,-0.019160490734706933,0.6047844311269802,0.1698358837211516,0.2845793337747455,0.2871490316657269,-0.016611722722476113,0.19831750319317842,-0.3314029259434667,-0.07350363183984322,-0.06722855490187991,0.003980291242375689,0.18351318312574347,-0.12210863904060423,0.00013579437322140523,0.2445169626670739,0.2979142823322905,0.28938002805875107,0.2911078805392495,0.17840776122119967,0.2976361850211845,0.303087504902329,0.3128291881742518,0.3071349015298908,0.22466879741988344,0.2891819457201253,0.18931523809241255,0.07130236784627053,0.4330028544037042,0.2064704935263083,-0.1400677553915186,0.3747067906355853,0.11132562367936144,0.10610416704302801,0.26253722162399296
CO04ZIMG,0.038896993209535345,-0.27202743816285163,-0.10448625427076896,0.6803709639469501,0.3059097673539705,-0.4970805057832808,0.04038745356795307,-0.07720633398946865,-0.06974786829344742,0.04719505005033459,0.014847061717506521,0.04186288805071744,-0.2739398808315028,0.07241149541032994,-0.20627142529176662,0.3712567378201021,-0.5075531377666997,1.0,0.1522971711931997,0.10298061572088064,0.14218355020752746,0.04177264333235429,-0.2790335845751101,-0.03662841013984355,-0.168001572092942,0.10400673691199329,-0.11566499342495534,0.1345446015186925,-0.27581024384661007,-0.06157036128183611,-0.28116425479514845,-0.009633822727017367,0.09704606248991672,0.01776530441531267,0.048446895994617066,-0.013092678967126965,0.03667754933191089,-0.1980585435568856,0.028361173604756314,-0.27956622384589924,0.01422264006423337,-0.38849172244626395,-0.05327420762304944,-0.16089013415819128,0.026235308953155876,-0.2739126036588341,-0.23163588865665125,-0.05021888755432707,-0.1259648559954183,0.4662478974444528,-0.10747674087987434,0.23935890335164497,-0.15080646574409468,-0.11740986792775489,-0.17091064711303147,-0.04399794812597869,0.02038012808941104,-0.0910405944708764,-0.24622523006990912,-0.23654001244550849,0.18964297673028335,0.031871536721484156,-0.25638070734142004,-0.2631972193200425,-0.25971589632473696,0.23865861264195365,-0.2657387956548477,-0.05900069019017546,0.04325404556478108,0.043867214731139775,-0.16105256714846444,0.30777773505258915,0.03502211311529041,0.36899147157777556,0.07174713443090425,-0.21542072736193832
CO05ASGU,-0.011160787300726109,0.026798359019944235,0.0006343933082736525,0.17643978458551815,0.15771973206468115,0.1690073130162902,0.12147919279410263,0.19886324064590827,0.2007324318103524,0.36190636801194015,0.005139832541342408,0.1850287518036488,0.07790834278987055,0.224675749937481,0.03785079695507387,0.10739415312956968,0.16841132049945748,0.1522971711931997,1.0,-0.005127392583784939,0.39384226487856927,0.32560508268094085,0.05575190675688329,0.1104612584374219,0.03532082083956977,0.44689294831064286,0.008483192459611188,0.5556908425583443,0.028514860841580527,-0.059484473802298814,-0.01664870110012726,0.1614020305659379,0.2048625984994285,0.3211983409706142,0.36141808194668584,-0.0759058747672836,-0.3017536442829901,-0.0680512743915671,0.11569173623314719,-0.026074761940749782,0.10491153224945535,-0.11708826022441052,-0.037295608254650676,-0.00828221579826822,0.1477907683671801,-0.02847582190244797,0.03628777458231184,0.07502606369462256,-0.13076156370450476,-0.052317007836099313,-0.21787910697447835,0.08102396856795803,-0.22572366134462613,-0.029105020939140486,-0.4623475948035731,-0.007058761473700266,0.08536306522718702,0.24316092144692597,0.018637572136706398,0.03401406245735947,0.2531860057893391,0.1120938956309356,0.020491908533027726,0.023920509302433293,0.02242930068240203,0.6375825075243602,0.07438370338985999,0.07312197928046243,0.19914906365277132,0.11384560592783914,0.0344465830202085,0.028407634372207415,0.1261354759309607,0.1542681052454965,0.3153408738835505,0.037901623102668376
CO05BAFI,-0.09325596031591422,-0.3657778430375585,-0.10600999858590351,-0.08642247143303103,-0.06843970932405467,-0.11595715992821566,-0.10069142616837835,-0.14603535904242423,-0.10970482946807662,0.029071011214414643,0.43714261010011823,-0.0042537311819250455,0.032197868653128736,-0.07218809512549464,-0.2808715997878144,0.03900218206481185,-0.11328639278397759,0.10298061572088064,-0.005127392583784939,1.0,-0.015178987965029339,-0.008467572937574646,0.03279656353317636,0.028758560462591495,-0.10035353242449452,0.013475313118560733,-0.161461166041202,0.0076016310251159815,-0.37951860435208196,-0.0018494943976347957,-0.3624989245494208,0.035181417266965685,-0.05160838878108583,-0.0034129930885906054,0.028778065824186214,0.04112302190339998,0.030803973769683555,0.02958230383221253,0.052838812142027965,-0.33967086872847135,-0.10259954547239097,0.022740746359946214,-0.0018995030076145833,-0.12640501731976736,-0.05102528273093163,-0.3543757401641954,-0.28379237695891846,0.04701577312833302,0.027910943160863705,0.06319869296690087,0.05276288322220976,-0.1404210928870335,-0.00016315887326933464,0.002992503483106808,0.02438879382573433,0.051753250043457606,0.01626158231709732,-0.11824887231278416,-0.4161066382470801,-0.27119289215038317,-0.04051434155647567,-0.10026796287532966,-0.36135469208945686,-0.3750316398798049,-0.3449839679722891,-0.023979633184992834,0.031233943785639626,0.027161636281559168,0.0756872211077283,-0.1469568942294815,0.006092497079721441,0.029662743699265866,-0.1062638374666928,-0.11425984786947514,0.004768260278038201,-0.2766406138787502
CO05KUBE,-0.06652615524645208,0.016686542495988468,0.02484275879466677,0.16625585109579127,0.09760250864719557,0.1472980707318255,0.09077224439060351,0.3079257758602537,0.2776038429667276,0.02960833202645783,0.031510252211252594,-0.00810349639320566,0.08216959873557449,0.16076415681564463,-0.03533278970336723,-0.21981711420969727,0.12513055270923673,0.14218355020752746,0.39384226487856927,-0.015178987965029339,1.0,-0.005263435009375428,0.05737771535679679,-0.27761437208949136,0.008244858752737515,0.2218837505329468,0.021299700888037527,0.31769875136904835,0.0016789981316654903,-0.32326706682822687,-0.035560333063105375,-0.12744309598083045,0.6913609245747906,-0.049856292964400646,0.03291181197505578,-0.19722297612051512,-0.3281415000987117,-0.30194183674045916,0.19028992887999638,-0.0402443551338241,0.20944571819150648,-0.39018265176573924,-0.30808042655452916,-0.0815401897358383,0.4027859993868144,-0.03325688111790317,-0.0039306882154285855,-0.5059798097766691,-0.40709292139263836,-0.2169992389700276,-0.6542394136071809,0.1611827088915527,-0.3782093343329115,-0.08104028972627272,-0.7334525343722583,-0.19038751756777542,0.1388034631193405,0.2198736132069435,0.06991863192246137,0.011758337308378745,0.5683622745572855,0.034024929963698713,0.0728184427647695,0.057665501947067196,0.06306261132311203,0.5887883706386302,0.11167945183561563,0.013889434425788773,-0.09919431178361825,0.1330052004885178,-0.02418949845346181,0.0730618702426285,0.033530111980096255,0.17708534922717484,0.14463577874735972,-0.03903192620450567
CO06DATZ,0.08157672820400874,0.023741373801034183,-0.06287667139629458,0.053596316765112846,0.3244471352479689,0.06593649288915107,0.2635477969623168,0.0295225397746309,0.15371572445566953,0.8523721387298467,-0.018994157205984467,0.5350177355777742,0.0018145394073047956,0.08843416646472739,0.17278086642202162,0.2672851794789024,0.07844762218712731,0.04177264333235429,0.32560508268094085,-0.008467572937574646,-0.005263435009375428,1.0,-0.009693495861102873,0.5891165280446343,0.14408238195047843,0.5905415041778201,0.010410923145594672,0.46918958880958606,0.031712654913536184,0.6390094914907025,0.01295331708359436,0.8010768770241092,-0.1754811106704877,0.9122502654064717,0.8537182275439041,0.27848101719182056,0.21356705499505285,0.41695614419278243,0.3662159506922983,0.025153938874456553,0.31018177090828497,0.1818418153004546,0.677873787959997,0.297238053294327,0.13267580188904932,0.009852142214816034,0.15400943717257368,0.35510779432864353,0.24268443407472026,0.3205373643616814,0.27607188842059704,0.24978155700578283,0.23261613868407666,-0.033467474083242445,-0.06323936055254206,0.7749071587166685,0.25181522557188224,0.6849360078386909,-0.01902906534195929,0.13274204107890328,0.10408770590284945,0.31248184221858516,0.0007179533236796632,0.015936732763783025,0.001517106590163439,0.22535284934760896,-0.0017502086035695854,0.2100082038401961,0.5605682991563709,0.03386220435223244,0.14022133668735787,0.01042610098861994,0.3456541947176674,0.05036617848000653,0.8996164998177233,0.17993438924065852
CO06LIFI,-0.5441989305583588,-0.08663344160473718,-0.033276069020823563,-0.2786102471632923,0.2226829175452363,0.2890727399863966,0.3384119629207661,0.3442693594518577,0.33793560771401526,0.01948092810910756,0.004728390867451829,0.008626987805787394,0.9804444883031442,0.1881860650964192,-0.06566408608040235,-0.10567929305542452,0.28050968618297817,-0.2790335845751101,0.05575190675688329,0.03279656353317636,0.05737771535679679,-0.009693495861102873,1.0,0.014937259803678611,-0.053503993875443794,0.00904214976277288,-0.03683619755884614,0.02607212555755548,-0.08783816373688265,0.005026878066002127,-0.08952431886976692,-0.011105887154599361,-0.0024994784179308252,0.025704975122386634,0.020080230806752114,-0.14432102764785498,-0.015999374940222588,0.04102806730209255,0.010122515394242073,-0.08903434260815787,0.004079694864878618,0.12147181311453029,-0.002163687007315811,0.3748836693420213,0.07782621969757245,-0.08702928829382182,-0.07376981663696701,0.013151802100633367,0.18022645104560325,-0.1712415265297348,0.003420453488593338,-0.10619616601541956,-0.05678666070490557,0.04568266308036745,0.00017024278667651947,0.018016792979480438,0.19492174785220023,0.007350617867538835,-0.07824910676960488,-0.07472659549450857,0.14333251739334102,0.2506765414017444,-0.08165037757972857,-0.08382125378412013,-0.08271254580062623,-0.04289647605348979,0.9502794669474356,0.10313239310294689,0.014899570947659768,0.4077565702982908,-0.05129092221570978,-0.08037339498117681,0.3258135289086211,0.26984117037015876,0.01164686502875483,-0.06860572275502765
CO06MOPE,0.003683119055159091,-0.017607808740853943,-0.10470050901781953,-0.02059876452795228,0.15779725218679552,-0.009672833719044599,0.12386931096223665,-0.07596092361385957,0.011414154112804347,0.4916056485388438,-0.01771198557153847,0.734828562995916,0.005342979580612217,-0.022178328003618467,0.1271954670140677,0.38235733679253125,0.005290216055217926,-0.03662841013984355,0.1104612584374219,0.028758560462591495,-0.27761437208949136,0.5891165280446343,0.014937259803678611,1.0,0.17718624291880306,0.2653509944958112,-0.011202375006520875,0.16013705368712725,-0.00925724506623905,0.8370360001404168,-0.002368766810932098,0.5652188627260891,-0.4495972034083011,0.5335864807446565,0.4897663711564892,0.36279749680074674,0.4801719768632293,0.687073819094041,0.5675503624146284,0.009830578362298757,0.05706610906158878,0.3996306145694471,0.7863276414433734,0.2281396088814282,-0.27740636952896935,0.0050612929165719965,0.0793314629280808,0.664070425042581,0.5235754634652277,0.5238745846408338,0.6579736576693249,0.05257908400569686,0.34147245604761833,-0.02632907355368738,0.1953545371622589,0.5632409012078962,0.3513395170323994,0.33909793935622345,-0.06398067570267844,0.05226371412727753,-0.12249124732370664,0.35791352216983247,-0.04995417679327595,-0.028667819841408735,-0.04459500752533532,-0.08172597892624558,-0.0016800010644395813,0.31429750681196267,0.7937918264647891,-0.02247919229984312,0.17499864042024876,-0.026292878192414538,0.18539567333976506,-0.03644079910062505,0.48556342446083234,0.09900714180281484
CO06MOTO,0.12655620296364292,0.6169448500475718,-0.02003497864633166,0.15211497397792778,0.2516847631646014,0.197694464622647,0.32813447468747897,0.27406620422076,0.2731350585252212,0.1027075978329092,0.005267070888518589,0.20500176898065442,-0.05252728888734922,0.14880374586465947,0.806063615136258,-0.06362777942310224,0.21413207986444688,-0.168001572092942,0.03532082083956977,-0.10035353242449452,0.008244858752737515,0.14408238195047843,-0.053503993875443794,0.17718624291880306,1.0,0.08814230646379267,0.2824201159919315,0.06514473050946804,0.6118435247555624,0.14656448242627282,0.5968733389597002,0.11958304410575336,-0.028900496638684776,0.09755828829967703,0.10265815586307264,0.16251616761115145,0.08465799594849327,0.22313507303582752,0.14120024280344165,0.622920107626973,0.0415289448497912,0.17252028510885048,0.15826468538176292,0.2987537360579677,-0.028554479069616116,0.6113661714732997,0.7735159996694463,0.09417308581248574,0.21455421885579962,-0.10310173131452278,0.07741340970560846,0.12466471301301003,0.10748776609288786,0.05385427717975376,-0.03994363165470461,0.09451721712583311,0.45511512456239167,0.4053255727298433,0.5304209238120369,0.73798260553469,0.1239819808026962,0.43730448989599646,0.547707262425413,0.6132344848930918,0.5615185961100924,0.06572878068140349,-0.05095475125990995,0.40403497888839585,0.1897034196757092,0.28368431951978235,0.9007868488760333,-0.04839151076328644,0.33755906160528787,0.2094187124061095,0.12557943990727252,0.7247220876775418
